0 0 0 0 0 51 46 0 0 0 0 0 0 59 0 53 0 0 0 0 0 0 88 0 0 0 0 98 0 0 0 55 0 0 0 0 0 0 0 0 24 0 0 0 0 42 0 89 50 0
0 0 9 23 0 0 0 48 49 76 0 0 0 0 0 0 0 0 52 0 23 89 0 0 0 0 0 0 0 0 0 0 0 0 0 0 0 0 0 0 0 0 62 0 0 0 40 0 0 0
0 9 0 50 45 0 0 0 48 0 0 87 0 0 0 80 0 0 25 0 0 0 0 0 0 0 21 0 0 0 0 3 0 0 0 0 0 0 0 0 0 0 0 0 0 0 0 0 0 0
0 23 50 0 0 0 0 0 0 62 72 0 48 0 0 0 31 0 0 0 0 0 0 0 0 0 0 0 0 0 0 0 48 0 0 0 82 76 0 0 0 0 0 0 0 0 77 0 0 0
0 0 45 0 0 0 0 0 0 36 0 28 0 0 0 39 0 0 0 0 0 22 0 0 0 0 0 59 0 0 29 0 0 0 0 0 0 0 0 0 0 0 0 0 0 0 0 96 0 0
51 0 0 0 0 0 46 0 0 54 0 0 0 28 0 0 0 0 68 0 0 0 0 90 0 87 0 0 0 0 0 11 0 0 0 0 0 0 0 0 0 0 0 90 0 16 13 84 0 0
46 0 0 0 0 46 0 0 0 73 0 0 0 0 0 0 0 0 0 0 93 0 52 0 0 46 0 17 0 0 0 0 0 22 0 0 0 81 70 0 0 0 0 0 0 0 0 60 0 0
0 48 0 0 0 0 0 0 8 0 0 48 0 50 0 0 0 0 0 0 0 0 0 0 48 0 0 0 79 0 0 0 0 0 20 6 0 0 19 0 0 0 0 0 0 0 0 0 0 0
0 49 48 0 0 0 0 8 0 0 0 0 0 95 0 87 0 2 0 0 0 0 0 0 0 0 13 0 0 0 0 0 0 0 0 0 0 0 0 0 0 25 0 0 0 0 0 0 87 0
0 76 0 62 36 54 73 0 0 0 0 85 0 0 0 70 0 0 0 0 0 0 0 0 98 0 0 0 0 71 66 0 0 89 0 86 0 0 0 0 0 0 0 0 0 0 0 0 100 94
0 0 0 72 0 0 0 0 0 0 0 0 40 0 0 0 62 0 0 0 0 0 0 0 0 2 0 0 0 0 0 0 0 0 0 0 0 0 0 0 0 0 0 0 95 0 0 68 0 0
0 0 87 0 28 0 0 48 0 85 0 0 0 0 0 0 0 60 0 69 0 0 0 0 8 0 0 0 0 56 0 49 0 34 88 0 0 61 90 36 0 0 46 0 0 4 0 0 0 0
0 0 0 48 0 0 0 0 0 0 40 0 0 0 0 0 0 0 0 0 0 0 0 0 0 0 86 0 0 0 0 0 0 88 29 0 0 86 0 0 0 0 28 0 0 0 0 0 57 87
59 0 0 0 0 28 0 50 95 0 0 0 0 0 0 0 0 42 0 0 0 0 0 14 34 0 0 0 0 64 0 0 49 0 0 79 14 0 41 0 0 11 0 22 0 0 12 0 0 0
0 0 0 0 0 0 0 0 0 0 0 0 0 0 0 0 0 0 79 0 0 83 0 0 41 0 0 0 0 0 0 0 16 0 0 0 0 0 0 44 77 0 0 0 53 0 70 0 0 0
53 0 80 0 39 0 0 0 87 70 0 0 0 0 0 0 0 0 0 0 0 0 0 0 0 0 0 60 0 0 0 0 0 0 0 39 0 0 0 0 5 0 0 0 0 0 0 34 0 0
0 0 0 31 0 0 0 0 0 0 62 0 0 0 0 0 0 51 0 0 92 0 0 0 44 30 62 7 0 0 0 3 5 0 0 0 6 0 41 0 0 0 0 80 0 0 38 0 0 0
0 0 0 0 0 0 0 0 2 0 0 60 0 42 0 0 51 0 77 20 0 0 0 0 0 0 0 0 0 54 30 95 0 0 93 0 61 59 0 0 0 0 0 0 82 0 0 0 0 0
0 52 25 0 0 68 0 0 0 0 0 0 0 0 79 0 0 77 0 0 0 0 0 0 0 0 0 0 0 51 0 0 0 64 9 84 0 0 0 0 0 0 0 0 0 0 0 0 0 15
0 0 0 0 0 0 0 0 0 0 0 69 0 0 0 0 0 20 0 0 0 0 19 9 40 42 0 0 0 0 0 0 0 0 0 0 0 0 0 55 0 0 0 0 70 0 97 0 0 0
0 23 0 0 0 0 93 0 0 0 0 0 0 0 0 0 92 0 0 0 0 0 43 0 85 0 0 0 0 0 0 0 0 63 30 0 0 0 0 0 2 0 0 0 0 87 0 0 0 0
0 89 0 0 22 0 0 0 0 0 0 0 0 0 83 0 0 0 0 0 0 0 0 0 0 0 0 0 0 61 0 0 0 36 0 0 0 0 0 0 0 0 0 0 0 0 0 0 0 0
88 0 0 0 0 0 52 0 0 0 0 0 0 0 0 0 0 0 0 19 43 0 0 0 21 0 0 3 0 0 0 0 0 0 0 0 0 0 0 0 0 0 0 7 0 0 0 0 0 0
0 0 0 0 0 90 0 0 0 0 0 0 0 14 0 0 0 0 0 9 0 0 0 0 0 0 14 0 13 0 0 69 0 12 0 0 0 0 0 54 0 0 0 0 93 0 0 1 0 0
0 0 0 0 0 0 0 48 0 98 0 8 0 34 41 0 44 0 0 40 85 0 21 0 0 0 0 0 80 0 0 0 0 0 63 0 0 0 0 0 0 0 0 0 0 0 0 0 0 0
0 0 0 0 0 87 46 0 0 0 2 0 0 0 0 0 30 0 0 42 0 0 0 0 0 0 0 0 0 0 0 0 0 0 0 0 0 0 0 0 13 25 0 0 0 0 0 0 47 0
0 0 21 0 0 0 0 0 13 0 0 0 86 0 0 0 62 0 0 0 0 0 0 14 0 0 0 0 0 0 0 35 0 0 0 95 0 0 0 0 0 0 0 0 0 0 0 0 0 0
98 0 0 0 59 0 17 0 0 0 0 0 0 0 0 60 7 0 0 0 0 0 3 0 0 0 0 0 0 0 0 0 0 0 28 0 3 18 0 9 0 73 0 83 0 0 37 0 0 0
0 0 0 0 0 0 0 79 0 0 0 0 0 0 0 0 0 0 0 0 0 0 0 13 80 0 0 0 0 65 0 0 0 0 0 17 0 83 0 0 0 0 0 0 0 0 0 2 0 0
0 0 0 0 0 0 0 0 0 71 0 56 0 64 0 0 0 54 51 0 0 61 0 0 0 0 0 0 65 0 0 0 95 0 0 0 0 0 0 0 0 0 0 0 0 0 0 56 0 0
0 0 0 0 29 0 0 0 0 66 0 0 0 0 0 0 0 30 0 0 0 0 0 0 0 0 0 0 0 0 0 0 0 0 0 40 0 0 0 0 0 0 0 37 0 54 60 0 0 26
55 0 3 0 0 11 0 0 0 0 0 49 0 0 0 0 3 95 0 0 0 0 0 69 0 0 35 0 0 0 0 0 0 0 0 0 0 0 0 0 20 76 0 0 0 0 78 0 0 0
0 0 0 48 0 0 0 0 0 0 0 0 0 49 16 0 5 0 0 0 0 0 0 0 0 0 0 0 0 95 0 0 0 48 0 0 38 19 24 0 0 0 58 0 40 0 64 0 0 0
0 0 0 0 0 0 22 0 0 89 0 34 88 0 0 0 0 0 64 0 63 36 0 12 0 0 0 0 0 0 0 0 48 0 0 0 0 0 0 0 0 0 0 0 0 0 0 0 17 0
0 0 0 0 0 0 0 20 0 0 0 88 29 0 0 0 0 93 9 0 30 0 0 0 63 0 0 28 0 0 0 0 0 0 0 46 0 0 0 0 0 0 0 0 0 0 29 0 91 0
0 0 0 0 0 0 0 6 0 86 0 0 0 79 0 39 0 0 84 0 0 0 0 0 0 0 95 0 17 0 40 0 0 0 46 0 0 79 0 0 0 0 11 0 0 0 0 79 0 0
0 0 0 82 0 0 0 0 0 0 0 0 0 14 0 0 6 61 0 0 0 0 0 0 0 0 0 3 0 0 0 0 38 0 0 0 0 0 0 0 0 0 0 22 0 0 0 0 0 0
0 0 0 76 0 0 81 0 0 0 0 61 86 0 0 0 0 59 0 0 0 0 0 0 0 0 0 18 83 0 0 0 19 0 0 79 0 0 0 29 0 80 0 0 0 15 0 29 53 0
0 0 0 0 0 0 70 19 0 0 0 90 0 41 0 0 41 0 0 0 0 0 0 0 0 0 0 0 0 0 0 0 24 0 0 0 0 0 0 0 29 0 0 0 0 0 0 54 0 0
0 0 0 0 0 0 0 0 0 0 0 36 0 0 44 0 0 0 0 55 0 0 0 54 0 0 0 9 0 0 0 0 0 0 0 0 0 29 0 0 0 0 36 0 0 0 0 0 0 0
24 0 0 0 0 0 0 0 0 0 0 0 0 0 77 5 0 0 0 0 2 0 0 0 0 13 0 0 0 0 0 20 0 0 0 0 0 0 29 0 0 0 0 0 0 0 0 0 0 0
0 0 0 0 0 0 0 0 25 0 0 0 0 11 0 0 0 0 0 0 0 0 0 0 0 25 0 73 0 0 0 76 0 0 0 0 0 80 0 0 0 0 0 0 0 1 72 0 0 0
0 62 0 0 0 0 0 0 0 0 0 46 28 0 0 0 0 0 0 0 0 0 0 0 0 0 0 0 0 0 0 0 58 0 0 11 0 0 0 36 0 0 0 0 0 78 38 13 85 0
0 0 0 0 0 90 0 0 0 0 0 0 0 22 0 0 80 0 0 0 0 0 7 0 0 0 0 83 0 0 37 0 0 0 0 0 22 0 0 0 0 0 0 0 0 0 0 0 0 0
0 0 0 0 0 0 0 0 0 0 95 0 0 0 53 0 0 82 0 70 0 0 0 93 0 0 0 0 0 0 0 0 40 0 0 0 0 0 0 0 0 0 0 0 0 75 67 0 0 0
42 0 0 0 0 16 0 0 0 0 0 4 0 0 0 0 0 0 0 0 87 0 0 0 0 0 0 0 0 0 54 0 0 0 0 0 0 15 0 0 0 1 78 0 75 0 0 0 0 30
0 40 0 77 0 13 0 0 0 0 0 0 0 12 70 0 38 0 0 97 0 0 0 0 0 0 0 37 0 0 60 78 64 0 29 0 0 0 0 0 0 72 38 0 67 0 0 0 0 0
89 0 0 0 96 84 60 0 0 0 68 0 0 0 0 34 0 0 0 0 0 0 0 1 0 0 0 0 2 56 0 0 0 0 0 79 0 29 54 0 0 0 13 0 0 0 0 0 0 0
50 0 0 0 0 0 0 0 87 100 0 0 57 0 0 0 0 0 0 0 0 0 0 0 0 47 0 0 0 0 0 0 0 17 91 0 0 53 0 0 0 0 85 0 0 0 0 0 0 0
0 0 0 0 0 0 0 0 0 94 0 0 87 0 0 0 0 0 15 0 0 0 0 0 0 0 0 0 0 0 26 0 0 0 0 0 0 0 0 0 0 0 0 0 0 30 0 0 0 0
